         200
    1.0000000000000000E+00   0.0000000000000000E+00
    9.9973496437069886E-01   0.0000000000000000E+00
    9.9894017519803391E-01   0.0000000000000000E+00
    9.9761658504530570E-01   0.0000000000000000E+00
    9.9576577957883927E-01   0.0000000000000000E+00
    9.9338997466692081E-01   0.0000000000000000E+00
    9.9049201233365380E-01   0.0000000000000000E+00
    9.8707535558294945E-01   0.0000000000000000E+00
    9.8314408211203241E-01   0.0000000000000000E+00
    9.7870287693786806E-01   0.0000000000000000E+00
    9.7375702396378727E-01   0.0000000000000000E+00
    9.6831239651726575E-01   0.0000000000000000E+00
    9.6237544689328025E-01   0.0000000000000000E+00
    9.5595319494090458E-01   0.0000000000000000E+00
    9.4905321573379708E-01   0.0000000000000000E+00
    9.4168362636794634E-01   0.0000000000000000E+00
    9.3385307193248712E-01   0.0000000000000000E+00
    9.2557071070154417E-01   0.0000000000000000E+00
    9.1684619859690841E-01   0.0000000000000000E+00
    9.0768967297289949E-01   0.0000000000000000E+00
    8.9811173577599845E-01   0.0000000000000000E+00
    8.8812343613276812E-01   0.0000000000000000E+00
    8.7773625242020004E-01   0.0000000000000000E+00
    8.6696207387295199E-01   0.0000000000000000E+00
    8.5581318178197774E-01   0.0000000000000000E+00
    8.4430223033879326E-01   0.0000000000000000E+00
    8.3244222717911398E-01   0.0000000000000000E+00
    8.2024651367881896E-01   0.0000000000000000E+00
    8.0772874505418146E-01   0.0000000000000000E+00
    7.9490287031706841E-01   0.0000000000000000E+00
    7.8178311213436369E-01   0.0000000000000000E+00
    7.6838394663923459E-01   0.0000000000000000E+00
    7.5472008324006634E-01   0.0000000000000000E+00
    7.4080644447092803E-01   0.0000000000000000E+00
    7.2665814592536893E-01   0.0000000000000000E+00
    7.1229047631314601E-01   0.0000000000000000E+00
    6.9771887767721807E-01   0.0000000000000000E+00
    6.8295892580599638E-01   0.0000000000000000E+00
    6.6802631087344944E-01   0.0000000000000000E+00
    6.5293681833724171E-01   0.0000000000000000E+00
    6.3770631012264378E-01   0.0000000000000000E+00
    6.2235070611752574E-01   0.0000000000000000E+00
    6.0688596600132794E-01   0.0000000000000000E+00
    5.9132807142852739E-01   0.0000000000000000E+00
    5.7569300858477812E-01   0.0000000000000000E+00
    5.5999675113163661E-01   0.0000000000000000E+00
    5.4425524355357546E-01   0.0000000000000000E+00
    5.2848438491885741E-01   0.0000000000000000E+00
    5.1270001306381296E-01   0.0000000000000000E+00
    4.9691788920810892E-01   0.0000000000000000E+00
    4.8115368300675954E-01   0.0000000000000000E+00
    4.6542295804288675E-01   0.0000000000000000E+00
    4.4974115776360346E-01   0.0000000000000000E+00
    4.3412359185987642E-01   0.0000000000000000E+00
    4.1858542308981006E-01   0.0000000000000000E+00
    4.0314165454349848E-01   0.0000000000000000E+00
    3.8780711734640555E-01   0.0000000000000000E+00
    3.7259645879715503E-01   0.0000000000000000E+00
    3.5752413093465141E-01   0.0000000000000000E+00
    3.4260437952858314E-01   0.0000000000000000E+00
    3.2785123348660744E-01   0.0000000000000000E+00
    3.1327849467085267E-01   0.0000000000000000E+00
    2.9889972811581128E-01   0.0000000000000000E+00
    2.8472825263921980E-01   0.0000000000000000E+00
    2.7077713183713625E-01   0.0000000000000000E+00
    2.5705916545411467E-01   0.0000000000000000E+00
    2.4358688111914703E-01   0.0000000000000000E+00
    2.3037252643787892E-01   0.0000000000000000E+00
    2.1742806143151094E-01   0.0000000000000000E+00
    2.0476515131275874E-01   0.0000000000000000E+00
    1.9239515958926967E-01   0.0000000000000000E+00
    1.8032914148495549E-01   0.0000000000000000E+00
    1.6857783766982037E-01   0.0000000000000000E+00
    1.5715166828901730E-01   0.0000000000000000E+00
    1.4606072728205124E-01   0.0000000000000000E+00
    1.3531477698327818E-01   0.0000000000000000E+00
    1.2492324299508989E-01   0.0000000000000000E+00
    1.1489520932545103E-01   0.0000000000000000E+00
    1.0523941378174598E-01   0.0000000000000000E+00
    9.5964243613203062E-02   0.0000000000000000E+00
    8.7077731394482022E-02   0.0000000000000000E+00
    7.8587551143346632E-02   0.0000000000000000E+00
    7.0501014665681025E-02   0.0000000000000000E+00
    6.2825068121455219E-02   0.0000000000000000E+00
    5.5566288805592806E-02   0.0000000000000000E+00
    4.8730882138042809E-02   0.0000000000000000E+00
    4.2324678857710726E-02   0.0000000000000000E+00
    3.6353132415246528E-02   0.0000000000000000E+00
    3.0821316560037969E-02   0.0000000000000000E+00
    2.5733923117097070E-02   0.0000000000000000E+00
    2.1095259949864928E-02   0.0000000000000000E+00
    1.6909249105293761E-02   0.0000000000000000E+00
    1.3179425137894002E-02   0.0000000000000000E+00
    9.9089336097537197E-03   0.0000000000000000E+00
    7.1005297638588169E-03   0.0000000000000000E+00
    4.7565773683509241E-03   0.0000000000000000E+00
    2.8790477296687608E-03   0.0000000000000000E+00
    1.4695188728228263E-03   0.0000000000000000E+00
    5.2917488734835949E-04   0.0000000000000000E+00
    5.8805437779684808E-05   0.0000000000000000E+00
    5.8805437779684808E-05   0.0000000000000000E+00
    5.2917488734835949E-04   0.0000000000000000E+00
    1.4695188728228263E-03   0.0000000000000000E+00
    2.8790477296687608E-03   0.0000000000000000E+00
    4.7565773683509241E-03   0.0000000000000000E+00
    7.1005297638588169E-03   0.0000000000000000E+00
    9.9089336097537197E-03   0.0000000000000000E+00
    1.3179425137894002E-02   0.0000000000000000E+00
    1.6909249105293761E-02   0.0000000000000000E+00
    2.1095259949864928E-02   0.0000000000000000E+00
    2.5733923117097070E-02   0.0000000000000000E+00
    3.0821316560037969E-02   0.0000000000000000E+00
    3.6353132415246528E-02   0.0000000000000000E+00
    4.2324678857710726E-02   0.0000000000000000E+00
    4.8730882138042809E-02   0.0000000000000000E+00
    5.5566288805592806E-02   0.0000000000000000E+00
    6.2825068121455330E-02   0.0000000000000000E+00
    7.0501014665681025E-02   0.0000000000000000E+00
    7.8587551143346632E-02   0.0000000000000000E+00
    8.7077731394482022E-02   0.0000000000000000E+00
    9.5964243613203062E-02   0.0000000000000000E+00
    1.0523941378174610E-01   0.0000000000000000E+00
    1.1489520932545103E-01   0.0000000000000000E+00
    1.2492324299508989E-01   0.0000000000000000E+00
    1.3531477698327818E-01   0.0000000000000000E+00
    1.4606072728205124E-01   0.0000000000000000E+00
    1.5715166828901742E-01   0.0000000000000000E+00
    1.6857783766982054E-01   0.0000000000000000E+00
    1.8032914148495549E-01   0.0000000000000000E+00
    1.9239515958926967E-01   0.0000000000000000E+00
    2.0476515131275874E-01   0.0000000000000000E+00
    2.1742806143151105E-01   0.0000000000000000E+00
    2.3037252643787892E-01   0.0000000000000000E+00
    2.4358688111914703E-01   0.0000000000000000E+00
    2.5705916545411467E-01   0.0000000000000000E+00
    2.7077713183713625E-01   0.0000000000000000E+00
    2.8472825263921991E-01   0.0000000000000000E+00
    2.9889972811581128E-01   0.0000000000000000E+00
    3.1327849467085267E-01   0.0000000000000000E+00
    3.2785123348660744E-01   0.0000000000000000E+00
    3.4260437952858314E-01   0.0000000000000000E+00
    3.5752413093465152E-01   0.0000000000000000E+00
    3.7259645879715503E-01   0.0000000000000000E+00
    3.8780711734640555E-01   0.0000000000000000E+00
    4.0314165454349860E-01   0.0000000000000000E+00
    4.1858542308981006E-01   0.0000000000000000E+00
    4.3412359185987642E-01   0.0000000000000000E+00
    4.4974115776360357E-01   0.0000000000000000E+00
    4.6542295804288675E-01   0.0000000000000000E+00
    4.8115368300675965E-01   0.0000000000000000E+00
    4.9691788920810892E-01   0.0000000000000000E+00
    5.1270001306381296E-01   0.0000000000000000E+00
    5.2848438491885752E-01   0.0000000000000000E+00
    5.4425524355357546E-01   0.0000000000000000E+00
    5.5999675113163661E-01   0.0000000000000000E+00
    5.7569300858477812E-01   0.0000000000000000E+00
    5.9132807142852739E-01   0.0000000000000000E+00
    6.0688596600132805E-01   0.0000000000000000E+00
    6.2235070611752574E-01   0.0000000000000000E+00
    6.3770631012264378E-01   0.0000000000000000E+00
    6.5293681833724182E-01   0.0000000000000000E+00
    6.6802631087344944E-01   0.0000000000000000E+00
    6.8295892580599638E-01   0.0000000000000000E+00
    6.9771887767721807E-01   0.0000000000000000E+00
    7.1229047631314613E-01   0.0000000000000000E+00
    7.2665814592536904E-01   0.0000000000000000E+00
    7.4080644447092803E-01   0.0000000000000000E+00
    7.5472008324006634E-01   0.0000000000000000E+00
    7.6838394663923459E-01   0.0000000000000000E+00
    7.8178311213436369E-01   0.0000000000000000E+00
    7.9490287031706863E-01   0.0000000000000000E+00
    8.0772874505418157E-01   0.0000000000000000E+00
    8.2024651367881896E-01   0.0000000000000000E+00
    8.3244222717911398E-01   0.0000000000000000E+00
    8.4430223033879326E-01   0.0000000000000000E+00
    8.5581318178197785E-01   0.0000000000000000E+00
    8.6696207387295199E-01   0.0000000000000000E+00
    8.7773625242020004E-01   0.0000000000000000E+00
    8.8812343613276812E-01   0.0000000000000000E+00
    8.9811173577599845E-01   0.0000000000000000E+00
    9.0768967297289949E-01   0.0000000000000000E+00
    9.1684619859690852E-01   0.0000000000000000E+00
    9.2557071070154417E-01   0.0000000000000000E+00
    9.3385307193248712E-01   0.0000000000000000E+00
    9.4168362636794634E-01   0.0000000000000000E+00
    9.4905321573379708E-01   0.0000000000000000E+00
    9.5595319494090469E-01   0.0000000000000000E+00
    9.6237544689328025E-01   0.0000000000000000E+00
    9.6831239651726575E-01   0.0000000000000000E+00
    9.7375702396378727E-01   0.0000000000000000E+00
    9.7870287693786795E-01   0.0000000000000000E+00
    9.8314408211203252E-01   0.0000000000000000E+00
    9.8707535558294945E-01   0.0000000000000000E+00
    9.9049201233365380E-01   0.0000000000000000E+00
    9.9338997466692081E-01   0.0000000000000000E+00
    9.9576577957883927E-01   0.0000000000000000E+00
    9.9761658504530570E-01   0.0000000000000000E+00
    9.9894017519803391E-01   0.0000000000000000E+00
    9.9973496437069886E-01   0.0000000000000000E+00
    1.0000000000000000E+00   0.0000000000000000E+00
